Application,Price_USD,Area_sqft,Rooms,Age_years,Rent_USD_per_month
Real_Estate,2740985.9391,4111.8439,2,79,4459.9045
Real_Estate,3315656.7231,10336.7359,6,27,4692.2482
Real_Estate,4286026.0058,11920.3861,2,37,3487.253
Real_Estate,1622768.282,19223.6735,3,74,33676.6282
Real_Estate,707673.3617,16101.2,12,172,22713.2144
Real_Estate,3362815.926,7761.387,6,15,11744.9066
Real_Estate,1700647.5472,1166.27,13,148,20967.9858
Real_Estate,4686855.7734,15942.6217,11,174,40142.7274
Real_Estate,3186274.2516,8147.2079,10,147,27874.2617
Real_Estate,2581101.6042,2663.952,20,140,37640.469
Real_Estate,2269082.9984,11805.3418,11,104,44527.5904
Real_Estate,1057007.9431,9649.4744,8,193,33135.1215
Real_Estate,1738018.0368,7227.4475,14,197,8901.9238
Real_Estate,2703366.8929,3880.1182,17,160,11091.4098
Real_Estate,4553175.2637,8842.8236,10,44,14301.4686
Real_Estate,2323264.3383,19194.8584,8,98,5374.2513
Real_Estate,2401609.8983,18957.1344,12,177,43454.6733
Real_Estate,2730296.3785,10475.0428,14,135,21230.1173
Real_Estate,1591539.544,19037.6768,12,138,13630.3271
Real_Estate,2452576.1056,15722.3066,15,153,1884.3168
Real_Estate,1937405.2553,16385.2069,4,22,47962.5293
Real_Estate,4225620.183,6263.6722,15,139,41432.8425
Real_Estate,4213522.317,13462.6635,12,197,48587.2333
Real_Estate,2801816.5141,3731.5455,18,13,10377.666
Real_Estate,2722403.0375,8969.619,12,112,2922.4107
Real_Estate,3165858.0438,15406.3105,9,36,19197.3398
Real_Estate,2724627.6029,16613.4022,4,191,11849.497
Real_Estate,647004.5176,5713.2149,5,107,50000.0
Real_Estate,4033764.2868,8819.6217,9,154,50.0
Real_Estate,2703380.3619,15421.6486,12,37,6241.8288
Real_Estate,3784345.0977,10192.8645,18,52,3550.3345
Real_Estate,2836358.5273,16891.5514,18,103,43947.1717
Real_Estate,2240482.2488,13081.7765,2,177,19360.8578
Real_Estate,2946473.7531,8341.1047,4,44,24307.9936
Real_Estate,2611086.6165,5537.8513,13,65,11815.8676
Real_Estate,2303197.3135,14643.2623,17,100,6153.7828
Real_Estate,3782087.3036,12558.772,14,137,35087.3752
Real_Estate,4144648.2299,7084.2418,2,2,44335.3239
Real_Estate,2332229.3516,10737.5494,19,51,40074.0283
Real_Estate,4735604.3482,13522.5092,18,124,37214.0104
Real_Estate,2044271.5352,699.474,19,111,19529.5345
Real_Estate,2261311.722,1284.0986,20,180,46787.4038
Real_Estate,999196.4561,15519.0732,13,22,47304.104
Real_Estate,10000.0,9350.9058,17,2,32941.4812
Real_Estate,5000000.0,3046.4482,15,78,21514.0557
Real_Estate,2477238.9383,5592.9308,12,16,37826.2436
Real_Estate,952521.4739,16781.0658,3,14,25512.6938
Real_Estate,4358939.5533,4758.5175,4,33,17782.2762
Real_Estate,3517739.385,17886.0934,12,180,28184.4558
Real_Estate,4416863.7946,9404.8592,16,129,10129.2195
Real_Estate,587243.5822,14791.0269,5,142,33358.5474
Real_Estate,4726149.6447,19334.2489,14,42,46518.7253
Real_Estate,2432142.3659,19292.6202,3,111,26242.847
Real_Estate,2079799.7905,8368.3357,3,7,14920.1313
Real_Estate,2673454.3173,5397.1966,9,114,47430.1815
Real_Estate,2667173.0283,11418.2609,16,76,32266.8065
Real_Estate,1887045.0573,16294.936,2,34,27057.0363
Real_Estate,1406466.0233,13147.8885,19,99,19801.8886
Real_Estate,420772.3036,20000.0,15,184,26168.0483
Real_Estate,4574435.9683,3872.5339,13,5,21957.3786
Real_Estate,2607692.7603,2167.576,12,84,42261.3408
Real_Estate,870272.8349,4819.7557,17,93,43714.1703
Real_Estate,2597105.5332,6854.2523,5,159,39042.5135
Real_Estate,838085.616,9346.7807,7,174,16262.8302
Real_Estate,498572.0676,12894.8492,1,169,30492.6918
Real_Estate,117200.823,18243.5396,9,11,48165.2926
Real_Estate,4210082.8568,18356.8084,6,87,47566.8233
Real_Estate,3670794.6693,4779.5161,6,42,46376.513
Real_Estate,1807094.9417,14994.7583,12,0,14862.5061
Real_Estate,1953699.3693,9252.1216,17,38,32609.8031
Real_Estate,3186113.1067,20000.0,8,195,27223.0224
Real_Estate,4849197.7099,10376.1555,15,119,21847.3784
Real_Estate,21947.7245,9429.5743,7,47,50000.0
Real_Estate,2660455.7681,16572.7516,15,23,16398.0184
Real_Estate,943972.3329,7731.586,5,185,9689.5951
Real_Estate,3830786.8626,18730.1781,15,72,27945.223
Real_Estate,2342791.4562,1162.2234,11,188,4736.3232
Real_Estate,1430723.8779,11838.4817,15,67,38405.7308
Real_Estate,4227441.899,9835.8053,19,12,680.9992
Real_Estate,4091824.4482,5441.7512,19,138,10873.1522
Real_Estate,3454247.3734,864.0681,13,87,50000.0
Real_Estate,1458200.0388,10472.109,13,98,7665.7795
Real_Estate,3369969.0341,17820.102,8,117,2291.6687
Real_Estate,3263921.0827,10591.5415,4,169,10351.8161
Real_Estate,3603842.454,11863.1356,19,114,12245.3829
Real_Estate,3120074.6631,2353.0003,7,173,6607.944
Real_Estate,2080892.4939,15285.2109,18,26,15147.3075
Real_Estate,1318008.1748,15905.5292,3,44,23301.8429
Real_Estate,3358754.3944,4295.1459,17,49,21242.2671
Real_Estate,3066368.472,10387.8053,1,167,4488.4631
Real_Estate,2063931.8106,8289.5773,1,6,14554.77
Real_Estate,3426883.292,13943.1847,6,10,35274.0147
Real_Estate,533135.0316,16759.8022,16,92,21671.7324
Real_Estate,2436710.8824,2235.5258,2,137,14422.4904
Real_Estate,2135549.0595,9882.6056,6,40,6915.8447
Real_Estate,2538791.2543,11554.5382,16,47,18153.9229
Real_Estate,4645257.3765,696.1243,8,66,40557.2804
Real_Estate,4829185.2013,16757.2939,9,99,21329.067
Real_Estate,3887270.979,8963.4768,5,16,24886.0239
Real_Estate,1840443.3966,10776.8743,10,144,37768.874
Real_Estate,110560.3846,1071.2035,4,32,4830.3971
Real_Estate,3382450.3587,5410.8689,2,62,43665.7075
Real_Estate,653832.7451,6025.4591,9,162,43561.2162
Real_Estate,4630000.3295,10871.5543,6,165,18084.125
Real_Estate,5000000.0,6523.9808,16,73,36682.8538
Real_Estate,1009206.0603,11729.3909,9,127,25388.4428
Real_Estate,1658888.2946,8393.9151,12,69,2872.8651
Real_Estate,3862868.9518,2433.706,2,53,4608.2882
Real_Estate,1861977.3306,18178.6922,5,10,2146.8248
Real_Estate,4934218.505,15458.0909,2,103,475.8548
Real_Estate,591415.0919,12888.213,14,9,48205.5144
Real_Estate,374835.4515,10617.5063,1,119,7233.9949
Real_Estate,435640.5217,4281.6755,14,112,6992.336
Real_Estate,1835806.6055,15255.876,4,190,36577.2013
Real_Estate,424939.4561,15022.2719,13,194,30068.7936
Real_Estate,1795302.7359,3773.5289,20,10,43708.2522
Real_Estate,2877642.7198,12099.8557,20,125,35159.4333
Real_Estate,990559.1384,1467.4418,3,33,33841.169
Real_Estate,452287.6601,6890.3312,3,147,31063.9158
Real_Estate,1420223.6453,16245.7327,6,143,8210.1915
Real_Estate,1936531.4219,6264.9496,18,199,35339.343
Real_Estate,2924245.08,6889.0542,17,53,33411.8626
Real_Estate,745629.8726,17220.8986,20,14,28479.213
Real_Estate,43445.7919,6326.5096,13,163,37713.8074
Real_Estate,2207165.1333,3010.6516,19,28,7363.1936
Real_Estate,4096166.9366,18891.6921,11,165,37284.8081
Real_Estate,1615668.6848,10644.9249,16,83,44493.5954
Real_Estate,3210873.5283,12624.5795,14,94,7593.314
Real_Estate,132921.6386,3966.4064,2,187,34867.9311
Real_Estate,3680227.5025,11437.8688,5,121,45039.7914
Real_Estate,1429760.2734,5244.7569,2,80,6561.8952
Real_Estate,1164057.7601,3903.3144,18,100,36804.5032
Real_Estate,1018513.1359,1119.2905,10,129,34749.8655
Real_Estate,4413217.9037,7210.2679,6,169,12762.7711
Real_Estate,1683690.0986,15075.8427,3,141,15090.4948
Real_Estate,5000000.0,17142.3764,2,174,49284.7609
Real_Estate,4161827.803,15215.0967,9,106,17505.2
Real_Estate,4033064.5405,12137.7545,7,198,47296.2278
Real_Estate,2278072.1447,17332.7421,11,12,15885.7061
Real_Estate,4844579.6886,11216.2737,9,132,4955.3396
Real_Estate,461102.6419,14745.1857,19,152,40035.0201
Real_Estate,4081178.5183,3787.5772,2,100,44242.4927
Real_Estate,2931825.0959,16255.9174,6,193,11000.7711
Real_Estate,4668092.775,10565.6982,11,46,21730.5428
Real_Estate,371961.2279,10775.1876,9,127,16437.9425
Real_Estate,2301807.5158,15744.2793,11,59,47530.3923
Real_Estate,4402311.3352,12909.4995,18,24,14251.3065
Real_Estate,4571422.7293,1609.4763,2,53,35337.1004
Real_Estate,1587572.6853,3000.6418,9,0,32973.0897
Real_Estate,2647138.1565,10723.3464,7,99,17237.1911
Real_Estate,2779413.2191,8908.0806,16,167,19691.6935
Real_Estate,4724494.4041,4262.7116,7,121,18911.2462
Real_Estate,3333506.972,12153.7746,7,47,17014.1508
Real_Estate,4638879.413,12749.6485,11,48,18240.0961
Real_Estate,658079.7303,9028.6522,5,4,13980.7286
Real_Estate,2687049.3803,11339.6038,16,76,36474.3508
Real_Estate,886522.093,18681.7511,15,101,22398.2106
Real_Estate,1028045.2078,3383.9611,20,135,4303.671
Real_Estate,1517937.7562,9624.5324,2,50,43729.2567
Real_Estate,230870.2318,15401.5875,2,18,24900.154
Real_Estate,1676025.4157,13700.2577,4,168,11367.7122
Real_Estate,4198278.2998,10953.564,12,35,47292.1688
Real_Estate,3912743.2484,16030.5528,11,101,4967.2196
Real_Estate,643003.5366,18651.703,19,133,12604.4651
Real_Estate,1608352.4199,19687.9892,18,195,16238.9642
Real_Estate,4830584.7983,906.5136,14,55,22395.7008
Real_Estate,1048295.6945,6709.9737,6,187,36225.7937
Real_Estate,2754740.149,3828.4757,11,59,47244.1969
Real_Estate,3306731.8064,4686.7992,2,169,21017.2237
Real_Estate,886654.8731,9082.3173,10,154,12021.6058
Real_Estate,1637906.7215,16881.404,12,190,19380.1532
Real_Estate,4503436.6905,3946.772,4,87,16947.3277
Real_Estate,3404960.9424,9959.2347,18,117,36922.641
Real_Estate,4885426.487,16010.593,11,159,10019.5036
Real_Estate,2044836.2261,10794.5466,2,34,40622.1871
Real_Estate,836158.0432,3414.8036,1,172,47208.7993
Real_Estate,1133006.4462,2005.413,3,130,20920.3402
Real_Estate,2908325.3297,18919.7662,15,56,39171.3506
Real_Estate,4495962.0762,15432.9433,16,137,43402.1503
Real_Estate,1066323.0427,16507.2934,20,142,10698.8615
Real_Estate,2953664.5596,14303.265,10,177,17927.9747
Real_Estate,1282555.496,15793.521,12,70,24739.3667
Real_Estate,1710623.776,11937.6124,10,144,7691.5411
Real_Estate,1007004.3945,16012.9252,12,129,4692.3592
Real_Estate,4764427.7189,19025.3897,19,110,38060.3751
Real_Estate,3721826.9387,10586.4667,2,11,874.1523
Real_Estate,3712517.0956,10485.1426,16,7,18150.9158
Real_Estate,4724494.9506,12970.1415,18,2,49979.6853
Real_Estate,3397557.2904,19618.8217,11,1,15758.9244
Real_Estate,648742.2127,6840.1099,4,138,1881.6449
Real_Estate,3863120.3406,8088.7987,10,78,37942.443
Real_Estate,4473816.55,14234.5991,3,69,50.0
Real_Estate,1641005.824,8868.2998,18,71,8071.1584
Real_Estate,3900975.0895,10741.2307,10,18,50.0
Real_Estate,2924247.7338,16819.909,9,62,8147.2688
Real_Estate,126086.3344,12780.0596,9,189,49085.6444
Real_Estate,953346.4451,18101.365,18,108,11209.7349
Real_Estate,1972020.1774,12648.9968,5,141,21754.4898
Real_Estate,4500811.0783,11550.6283,16,145,31413.011
Real_Estate,2366004.6075,8833.9668,16,182,27024.1819
Real_Estate,2151241.2012,9738.4385,2,14,7113.2076
Real_Estate,2686304.3296,7876.0205,19,154,5782.0762
Real_Estate,389935.2103,6580.0081,9,99,20120.1678
Real_Estate,2893396.1457,5915.0751,19,184,21870.5521
Real_Estate,3223308.5912,11657.3184,2,181,4797.5785
Real_Estate,3511919.1695,6545.7098,2,109,12822.2839
Real_Estate,3956095.0248,13561.4371,3,190,21879.9878
Real_Estate,2046395.4096,18893.6987,15,190,47246.3613
Real_Estate,2178721.8259,7911.8249,11,142,6987.3509
Real_Estate,1409524.6108,12712.0929,1,29,42441.5109
Real_Estate,3697655.2605,17386.0328,3,103,43401.7888
Real_Estate,5000000.0,7500.6457,4,118,28586.0105
Real_Estate,928025.1726,8144.2254,3,134,37593.7338
Real_Estate,968386.1802,19103.7761,4,192,38462.752
Real_Estate,3552930.5031,2764.438,12,90,40782.5838
Real_Estate,1942657.5558,1957.7399,7,103,14465.3502
Real_Estate,1599012.5207,4517.3773,8,116,33590.126
Real_Estate,2402185.1158,4041.1002,11,94,925.555
Real_Estate,3971391.3271,18486.2161,4,71,20049.343
Real_Estate,3501765.5847,5616.822,19,68,47646.3216
Real_Estate,3867873.7711,1458.5617,2,67,35804.1649
Real_Estate,2827411.2687,12991.847,18,71,10177.9408
Real_Estate,3873971.9474,8580.1147,17,149,40351.9865
Real_Estate,2823105.8473,8052.0664,19,76,28345.2763
Real_Estate,4544640.9753,8203.9537,11,192,35384.58
Real_Estate,1140479.4116,13804.4348,13,49,36450.7196
Real_Estate,4945386.7354,10422.4827,3,55,2924.1428
Real_Estate,4765856.17,5563.6805,11,114,11730.2173
Real_Estate,3721835.7735,15585.9957,2,80,39690.7663
Real_Estate,4188164.8426,19572.1929,15,60,2395.21
Real_Estate,4711175.6658,12065.426,18,168,18307.6023
Real_Estate,2733360.8528,1373.4526,20,126,2052.4639
Real_Estate,921761.9775,7342.3187,17,107,9969.2425
Real_Estate,1771685.451,8507.5883,2,58,1198.3486
Real_Estate,4097659.7646,1840.6708,15,118,67.254
Real_Estate,2101686.0634,10562.2337,14,181,44782.3687
Real_Estate,1244369.4697,2024.9631,18,123,20586.431
Real_Estate,2264616.0994,908.7315,20,126,8809.4331
Real_Estate,310052.7612,7212.4202,14,14,28149.7573
Real_Estate,3569518.2639,3607.7458,3,185,28568.1166
Real_Estate,2913234.9124,3034.4525,4,120,21052.2124
Real_Estate,2017550.5771,6974.4318,1,166,19360.2155
Real_Estate,2723492.542,6575.7582,14,156,11910.6302
Real_Estate,4316809.9281,12570.9452,14,171,20867.9439
Real_Estate,1674635.042,6423.6561,5,98,38418.3944
Real_Estate,3724066.7158,11646.9157,20,116,13275.2872
Real_Estate,2464786.9491,12054.3005,14,46,4105.6696
Real_Estate,1161789.8148,6986.6849,14,114,2263.6759
Real_Estate,2230432.0779,15559.0379,17,21,18546.4443
Real_Estate,1417119.8768,3597.2898,6,162,40439.6592
Real_Estate,1193453.248,13649.9104,1,86,16543.2489
Real_Estate,3033044.0165,4032.8167,14,12,7440.6954
Real_Estate,4443556.2391,9054.078,5,172,31471.4093
Real_Estate,1274773.451,14311.1608,2,186,28408.3999
Real_Estate,4397296.6881,18870.9186,16,78,29202.6032
Real_Estate,3462265.7834,4345.9172,6,84,25086.8415
Real_Estate,3342052.8449,9478.3692,15,194,49582.7261
Real_Estate,1751253.1479,14024.3716,11,196,41957.0852
Real_Estate,4566329.913,4227.9117,10,78,18462.9925
Real_Estate,4718074.5048,3720.6966,17,48,26627.0505
Real_Estate,3058002.3728,14682.587,7,43,27663.4662
Real_Estate,1978679.6844,16902.4228,12,193,37934.8464
Real_Estate,1609989.4436,18018.6849,10,102,15873.3751
Real_Estate,4742605.2851,6297.0409,12,15,36661.332
Real_Estate,3994744.4109,16842.6785,12,107,18979.4006
Real_Estate,1612666.53,15491.1187,8,145,46495.8609
Real_Estate,32499.9002,14487.6257,6,115,13775.2963
Real_Estate,3817842.8588,4914.2263,11,180,13841.8706
Real_Estate,3278820.5577,2147.3866,4,194,19124.9452
Real_Estate,866877.2217,11480.1876,19,68,18136.6869
Real_Estate,889737.9662,15629.6902,20,142,49494.258
Real_Estate,1152424.4119,3666.5073,11,43,29995.9562
Real_Estate,774773.5586,200.0,15,105,14193.138
Real_Estate,793131.6675,11594.876,3,65,18559.675
Real_Estate,170847.3009,8883.1991,2,54,24240.9001
Real_Estate,635287.2256,13701.912,2,93,35589.1032
Real_Estate,4271511.8556,17750.863,5,8,20068.7084
Real_Estate,788854.3193,3120.9622,17,78,37027.9666
Real_Estate,388545.2849,14074.3167,13,175,43422.335
Real_Estate,1900680.0708,6034.6185,10,10,10987.204
Real_Estate,1014390.0618,8904.3794,7,78,39012.7219
Real_Estate,3186043.4418,15047.9332,16,159,19981.2906
Real_Estate,5000000.0,1794.0381,9,70,15651.2235
Real_Estate,803924.8691,5087.2983,1,47,31420.5711
Real_Estate,1629951.2337,1830.6571,5,67,46461.0792
Real_Estate,3939334.4107,18500.0358,13,116,41220.3668
Real_Estate,662469.7091,10753.8641,7,154,7649.824
Real_Estate,3036808.4217,17534.1531,17,158,12747.6677
Real_Estate,4464511.3332,11569.8738,11,95,40224.3171
Real_Estate,2787333.4307,18352.3174,16,37,37068.1243
Real_Estate,4931586.1666,5343.4389,6,94,31863.8814
Real_Estate,4314601.5838,10254.0421,6,109,17737.4834
Real_Estate,1276868.5219,16379.1753,5,183,36734.7647
Real_Estate,4762957.6729,4580.1239,5,42,16211.9679
Real_Estate,2311117.7071,4912.2779,20,10,39276.9903
Real_Estate,1766332.7183,18389.3751,11,78,39591.9553
Real_Estate,2970299.4876,13944.3341,9,156,31416.6183
Real_Estate,466653.8344,5652.2045,1,11,22819.8915
Real_Estate,170658.9065,12037.5733,17,35,22290.5375
Real_Estate,2953202.3667,18345.9145,8,71,9034.1086
Real_Estate,330620.9642,5715.5563,4,148,11615.3268
Real_Estate,879962.3201,11819.8341,9,175,25695.3125
Real_Estate,4955060.3335,6156.3004,11,43,9237.5072
Real_Estate,27575.0161,5776.0838,17,66,47566.3312
Real_Estate,3366005.0891,15323.194,3,102,10044.0977
Real_Estate,4533406.6483,6656.6417,6,64,49038.4949
Real_Estate,2318635.0377,9905.8636,5,123,34478.1894
Real_Estate,2767442.005,7635.8763,17,150,32959.7441
Real_Estate,1410337.6755,17356.4681,12,18,3375.9731
Real_Estate,2468406.6954,673.2137,17,154,33244.0327
Real_Estate,4638612.0427,9626.2471,10,15,22004.4883
Real_Estate,382253.1886,6538.7966,9,3,43005.2726
Real_Estate,4149733.4542,14011.1606,11,75,11265.1667
Real_Estate,992345.4368,17069.4322,15,156,18088.5705
Real_Estate,2884258.4661,9960.329,5,13,31455.8078
Real_Estate,1626315.0771,726.2318,20,195,49301.7896
Real_Estate,847160.5937,7959.7417,4,133,46219.704
Real_Estate,4543353.4995,14669.167,8,21,8894.3761
Real_Estate,4420063.4567,5172.7695,14,162,20896.2953
Real_Estate,1249061.9762,7472.8873,2,94,18372.2141
Real_Estate,3383387.4444,19535.3136,5,37,20241.5581
Real_Estate,1504042.9857,3798.7685,5,160,33480.7012
Real_Estate,1268798.9472,10531.2481,20,146,19576.1899
Real_Estate,4795998.4171,7535.1986,11,169,30142.3516
Real_Estate,3319402.7425,527.5668,3,159,8101.4116
Real_Estate,3571759.5061,5968.8152,3,92,42349.7205
Real_Estate,1100318.6256,8851.7872,19,197,7071.1107
Real_Estate,3911617.1358,15506.1385,11,157,19047.504
Real_Estate,4037041.1943,15899.7634,3,38,42052.4461
Real_Estate,2765146.3163,16310.1974,8,103,24371.6699
Real_Estate,3812784.9227,15334.9103,19,126,40103.0032
Real_Estate,4760190.899,923.0075,6,153,37530.4184
Real_Estate,1623225.5197,6165.0879,8,121,44770.388
Real_Estate,2613339.7917,1133.4044,16,133,29828.2119
Real_Estate,2677023.919,15668.2618,15,197,17176.0845
Real_Estate,657831.154,18749.494,13,36,47138.275
Real_Estate,518482.1964,11678.9355,10,84,1321.2445
Real_Estate,2993147.6943,8249.9544,2,82,13367.3535
Real_Estate,4805120.8427,15032.7437,7,115,32949.46
Real_Estate,3768934.9143,15639.1949,12,137,38128.1302
Real_Estate,3982244.3752,15794.0757,19,126,19754.4918
Real_Estate,2891434.1531,12943.8544,16,91,2361.5618
Real_Estate,776340.2417,7059.4047,5,98,3950.8126
Real_Estate,1173669.2803,869.1481,10,87,36130.2484
Real_Estate,2366846.7529,17779.7671,18,75,22402.9609
Real_Estate,848366.6435,16915.9193,7,89,22730.3663
Real_Estate,3034565.6775,12108.9172,10,131,35000.1069
Real_Estate,1155893.384,11615.6187,13,31,10678.1582
Real_Estate,2930848.042,18086.2015,17,154,24749.8135
Real_Estate,3106946.0472,10572.7171,4,167,18082.9372
Real_Estate,474336.3017,19546.9544,20,190,20456.1711
Real_Estate,4854488.1546,6249.0305,6,33,24043.4015
Real_Estate,4868541.4836,12342.4223,18,76,10840.7992
Real_Estate,249507.1472,18805.9992,9,136,5192.1058
Real_Estate,3028912.1374,8523.7509,12,36,3723.2393
Real_Estate,249225.4638,12246.7591,5,132,49145.2764
Real_Estate,1718923.4997,4983.0931,9,149,43774.1522
Real_Estate,4237911.4131,6011.2154,6,28,15319.5477
Real_Estate,4280215.0956,15777.4265,14,76,2681.3623
Real_Estate,1271255.3273,5417.6075,18,141,21998.7433
Real_Estate,3123563.3902,15792.3691,2,107,50000.0
Real_Estate,10000.0,14175.2069,18,0,25298.0807
Real_Estate,4048924.9157,750.8448,15,3,49489.8359
Real_Estate,1500698.0305,12672.1207,15,153,34377.538
Real_Estate,4343911.6632,4573.6704,10,102,20205.6342
Real_Estate,2822865.168,10848.803,5,84,4667.8343
Real_Estate,4129770.5208,4576.2081,13,48,36360.3473
Real_Estate,4437983.0063,17988.2913,3,69,35667.2843
Real_Estate,3565940.5689,9323.2142,12,172,6194.1975
Real_Estate,2532850.7631,7735.8461,17,84,40933.2259
Real_Estate,1646400.7766,14518.2149,5,23,622.7294
Real_Estate,263450.4184,9655.9528,12,127,3988.8589
Real_Estate,1376354.8529,7935.6195,3,111,40715.09
Real_Estate,4324577.5802,7657.0851,6,79,26052.7749
Real_Estate,925959.066,10821.3552,4,13,30335.107
Real_Estate,1296192.1785,516.4615,17,8,40409.2321
Real_Estate,3137456.257,14016.9761,9,119,6145.0972
Real_Estate,4637997.2607,16847.1438,13,19,30807.1131
Real_Estate,1973756.3559,19531.7864,1,87,33029.4487
Real_Estate,2647012.5082,18908.1901,6,32,8286.6328
Real_Estate,3134380.8221,3236.0301,9,131,30067.5601
Real_Estate,717525.4871,6924.8166,13,98,45086.1873
Real_Estate,3047328.4432,15947.4136,6,36,28994.4141
Real_Estate,2573490.9186,14104.1696,9,100,23990.2811
Real_Estate,3608664.3176,1223.768,5,188,47194.8222
Real_Estate,2027839.6443,13591.4024,15,109,45756.6773
Real_Estate,1592511.3134,18744.4566,15,76,18867.6088
Real_Estate,2690170.362,12903.8408,1,19,10174.1431
Real_Estate,1354367.3134,11062.4035,13,124,24073.7666
Real_Estate,3342106.6804,7032.8834,2,145,17890.5842
Real_Estate,3601415.6034,4277.9649,11,55,16753.0192
Real_Estate,1684124.5881,14716.3585,19,40,32131.7977
Real_Estate,3121072.8744,14976.5285,5,53,23137.0775
Real_Estate,4480329.1184,4945.5402,1,2,45108.344
Real_Estate,2711071.988,11863.856,13,9,25773.1225
Real_Estate,2505612.2697,10473.6829,11,85,9579.4608
Real_Estate,4408075.9311,6987.0346,1,105,18903.7572
Real_Estate,2301052.3976,7915.2497,2,176,19177.0794
Real_Estate,552126.0283,11571.702,5,15,30961.2464
Real_Estate,4147879.0009,13935.7047,20,197,11586.0552
Real_Estate,3563151.1724,16540.4602,4,40,19560.9231
Real_Estate,1902934.7861,2467.4588,19,90,31180.1089
Real_Estate,3792448.6509,6800.683,8,190,17809.8318
Real_Estate,173805.6831,18796.9569,20,25,46228.5589
Real_Estate,2291389.9547,4291.6228,15,127,3807.5908
Real_Estate,2308940.2733,1127.8162,9,99,39238.382
Real_Estate,237277.9762,2259.9807,17,95,7475.2976
Real_Estate,1407430.133,18804.2413,15,85,34254.6063
Real_Estate,1481263.8928,2754.7491,12,94,45013.39
Real_Estate,4649045.7333,15165.6639,9,183,350.169
Real_Estate,4812237.9133,12509.2323,16,171,13541.7003
Real_Estate,3460919.5218,14121.6452,11,11,41104.7117
Real_Estate,4466201.7479,13910.9197,15,11,46022.0491
Real_Estate,2323292.9411,396.1246,8,16,17994.5286
Real_Estate,208231.3197,15700.8553,4,162,24594.1548
Real_Estate,3560924.7648,7303.9022,7,88,48873.1001
Real_Estate,1544100.0404,9695.7611,4,58,37409.3368
Real_Estate,262832.9674,17250.9915,10,183,20127.7606
Real_Estate,3121925.1345,5100.7545,12,97,11282.6567
Real_Estate,1058725.7814,19483.0817,2,105,2201.4894
Real_Estate,4199261.991,16817.4648,6,139,48779.1458
Real_Estate,4604003.5297,2902.6735,19,161,12418.5
Real_Estate,4311745.5734,17757.5145,8,102,26074.7643
Real_Estate,4055897.5068,2763.2276,6,102,25942.53
Real_Estate,465914.7723,12333.7384,5,34,22764.7556
Real_Estate,2200889.4651,19423.8425,5,23,38860.8241
Real_Estate,4144746.8567,3277.0021,8,88,45460.386
Real_Estate,850185.3475,12647.3555,14,14,15100.9323
Real_Estate,4761813.1004,9174.4814,6,171,47358.4242
Real_Estate,3601922.7823,13133.5438,15,14,48659.9334
Real_Estate,2614204.6823,15087.9889,3,157,12316.5839
Real_Estate,3882044.1162,3793.5479,10,61,15098.2529
Real_Estate,4934947.8136,17412.4733,17,23,39287.1761
Real_Estate,314844.8903,15471.9636,11,63,38721.4251
Real_Estate,3383135.9246,10659.1325,4,178,47279.0145
Real_Estate,4896778.4407,3134.9123,3,102,40464.3193
Real_Estate,1608731.9988,4436.1807,12,60,20693.747
Real_Estate,3012475.4202,11817.8699,14,10,27570.758
Real_Estate,4579517.6768,13022.7218,15,15,12370.5962
Real_Estate,2878542.9773,6462.5162,11,54,21172.6515
Real_Estate,1006579.0008,17329.239,8,199,37651.1559
Real_Estate,439164.4551,2873.4735,12,55,17511.2663
Real_Estate,1123405.0639,14577.6666,9,124,48048.0311
Real_Estate,1855291.4579,15232.7727,2,5,15451.5754
Real_Estate,3276336.9804,9994.3325,8,28,18493.0219
Real_Estate,3311480.5289,11718.0909,17,86,48478.5526
Real_Estate,636384.1551,18574.3285,4,161,34249.4251
Real_Estate,130551.957,7642.2201,18,111,10317.9814
Real_Estate,363161.6059,15301.1429,19,81,39050.4096
Real_Estate,313734.3164,11941.9479,17,98,18180.2567
Real_Estate,2554936.3341,15274.605,13,71,39527.7357
Real_Estate,1892644.3257,3943.0918,10,80,8649.1346
Real_Estate,1509143.1206,14834.8237,12,36,19989.9339
Real_Estate,4751448.7555,7345.937,11,60,26064.6531
Real_Estate,2738530.1419,7167.2324,5,81,46820.3778
Real_Estate,4490814.2247,9485.0348,15,4,11720.0945
Real_Estate,4106922.7577,9545.0876,4,107,48322.0068
Real_Estate,2609384.0392,10225.8367,11,83,16929.352
Real_Estate,2821448.0897,2456.3587,16,129,30942.362
Real_Estate,1392456.6016,1914.5329,4,158,9289.0707
Real_Estate,2954894.7701,4427.9558,15,196,50000.0
Real_Estate,540846.0881,11430.8717,5,118,24137.8596
Real_Estate,1837089.8342,14077.0665,7,159,5872.248
Real_Estate,2541998.0479,12098.0378,9,15,46204.9525
Real_Estate,2451463.4559,16068.3524,5,31,21312.9822
Real_Estate,3360919.2822,783.2725,9,89,35248.3902
Real_Estate,3638046.6376,12415.1521,6,98,5652.3213
Real_Estate,3652643.2682,13199.7305,19,100,45209.62
Real_Estate,4568997.4124,15610.3831,17,168,10152.1472
Real_Estate,3045452.7488,17215.6294,8,55,20860.8161
Real_Estate,3851824.9191,8016.6137,4,6,3979.0289
Real_Estate,497475.9994,9779.3163,11,8,48859.345
Real_Estate,3499922.9298,475.1077,15,116,6474.7948
Real_Estate,1017223.0625,3886.6225,8,28,33627.5762
Real_Estate,2602963.1905,2684.0177,18,8,34357.2752
Real_Estate,3401103.3215,3867.7973,19,171,15265.0608
Real_Estate,1242635.9831,20000.0,18,16,35092.257
Real_Estate,2556955.4166,17825.5237,8,198,31600.2985
Real_Estate,2436878.2917,7950.1504,3,102,31113.5539
Real_Estate,3624018.4601,15855.9951,18,107,20745.9988
Real_Estate,4730471.0604,9919.6824,5,97,6967.3258
Real_Estate,2621072.6398,13407.6028,12,169,30507.0705
Real_Estate,179734.9619,6981.1902,5,159,2728.6108
Real_Estate,1438600.5841,10135.1004,14,200,10247.7678
Real_Estate,434479.5964,18956.403,1,178,43679.9157
Real_Estate,1292561.8091,14093.9212,3,4,3425.9112
Real_Estate,4870784.8798,19188.5554,20,181,14988.6882
Real_Estate,3701846.6732,13161.1251,12,42,24839.5684
Real_Estate,3179143.9161,15314.8233,4,8,33004.7385
Real_Estate,4881517.4363,14506.4819,6,168,45448.3804
Real_Estate,4084341.5017,3803.2018,15,141,44589.7241
Real_Estate,177230.8303,1007.0635,17,162,26491.8009
Real_Estate,4545436.8576,18738.4219,6,197,27446.5468
Real_Estate,3080380.3965,875.1925,19,106,35753.8225
Real_Estate,2720828.6908,4595.3239,2,17,27287.4571
Real_Estate,2996918.7871,19127.4515,18,29,38105.9761
Real_Estate,404938.0799,15369.6623,9,144,40484.3878
Real_Estate,3878279.6572,4645.217,13,128,17230.3903
Real_Estate,3233968.5004,12007.6617,20,45,8898.1793
Real_Estate,901901.633,9304.1864,12,118,14870.4182
Real_Estate,1469580.7948,6328.2465,19,46,18920.573
Real_Estate,1050123.613,1705.5831,14,153,46308.496
Real_Estate,2209292.5497,4464.4258,15,10,4868.0766
Real_Estate,4168367.782,8479.545,14,182,43273.3132
Real_Estate,4528643.386,14829.2382,6,90,26345.2315
Real_Estate,2841509.7105,8397.3031,7,13,6483.8854
Real_Estate,3658117.9434,1623.2385,12,192,10292.7638
Real_Estate,520834.5177,3913.0187,2,38,14982.6069
Real_Estate,4267990.8698,15948.1679,10,104,22678.4407
Real_Estate,3435679.4158,19202.491,7,100,48878.1694
Real_Estate,3438896.9592,5557.6769,8,162,3028.9898
Real_Estate,1727543.3595,12213.4746,18,157,1322.8174
Real_Estate,1497151.3217,13061.1879,12,140,21511.2219
Real_Estate,4824630.7222,2698.9104,6,95,91.6174
Real_Estate,2132349.61,19869.1933,16,78,5527.3917
Real_Estate,2057113.8794,12566.4971,5,101,19661.1645
Real_Estate,3974432.4027,10355.5284,6,28,30489.1965
Real_Estate,4805748.8157,10905.9889,7,33,22470.5597
Real_Estate,3467258.9728,1096.6639,11,107,16175.0498
Real_Estate,2065682.9057,11295.6451,1,130,33872.1149
Real_Estate,878430.6111,2215.6821,3,53,25493.0446
Real_Estate,960887.7005,8800.5072,1,89,5954.6298
Real_Estate,2532517.1318,2233.5336,15,93,20800.3991
Real_Estate,583832.4978,4985.1486,6,88,46859.0759
Real_Estate,3418633.5533,8031.9245,19,195,27906.5379
Real_Estate,3612260.7441,6355.3151,2,90,15415.9494
Real_Estate,2544730.3721,11349.9004,4,197,10899.183
Real_Estate,2912029.3569,9949.218,16,155,16217.8018
Real_Estate,3949021.2463,2056.1367,19,138,39607.063
Real_Estate,3515580.2819,14831.2715,11,15,28553.2061
Real_Estate,3960196.5023,8804.5395,2,163,9595.4048
Real_Estate,2901991.5487,10080.618,18,158,10323.8117
Real_Estate,2597854.8563,17508.7544,1,86,8554.1204
Real_Estate,3425646.1785,2701.2322,3,79,39111.7583
Real_Estate,3414795.8907,6026.9755,16,170,39960.1626
Real_Estate,4909373.3123,12093.5584,10,176,14751.4007
Real_Estate,336155.6848,7889.7696,19,92,15916.4584
Real_Estate,1779279.7712,9236.1053,8,101,40803.7284
Real_Estate,3397017.4671,1174.3516,16,9,43027.2274
Real_Estate,128871.7904,15137.8506,13,133,12886.0714
Real_Estate,2234504.2461,6011.2269,2,38,12512.5457
Real_Estate,5000000.0,19609.1762,5,53,17803.5486
Real_Estate,852470.1332,13910.3748,7,194,40039.4181
Real_Estate,1500247.4522,1141.9292,18,174,2976.7117
Real_Estate,2014346.8663,2374.5369,2,97,42401.4709
Real_Estate,1440671.0777,8020.8906,20,79,38625.5576
Real_Estate,907534.1416,10268.5459,3,148,20443.0287
Real_Estate,1909228.6697,694.446,6,104,12854.4765
Real_Estate,1793379.631,9938.0266,19,100,13779.843
Real_Estate,4711047.6965,11505.0685,11,13,35463.0841
Real_Estate,3577857.6718,18909.6596,3,158,28518.0984
Real_Estate,2675062.4188,277.3994,17,52,24154.3607
Real_Estate,1744061.9189,7009.0807,10,33,38989.0216
Real_Estate,4128534.9253,1935.7774,6,19,17715.0723
Real_Estate,245016.8553,18994.6636,5,183,35214.1359
Real_Estate,1157336.4085,10028.6983,12,159,27664.3672
Real_Estate,3267063.6752,20000.0,2,20,7045.6078
Real_Estate,118062.1674,16619.6631,15,134,45011.3236
Real_Estate,3137244.0446,2745.8064,7,22,41433.3265
Real_Estate,4331220.8861,577.186,18,187,8319.7153
Real_Estate,1714014.6107,10073.6867,17,166,4382.0398
Real_Estate,4883786.1508,3009.1495,16,133,13450.9207
Real_Estate,3636019.7616,4176.9333,16,155,2625.8072
Real_Estate,1731803.874,13567.4643,12,92,45342.809
Real_Estate,1436477.2712,11505.5548,10,191,36852.1498
Real_Estate,3756813.0296,17430.6258,11,159,45043.8453
Real_Estate,255178.6743,5680.4859,10,198,13032.2508
Real_Estate,1941184.6989,18749.3767,17,101,1899.0459
Real_Estate,2790254.9369,2249.3411,3,82,7271.5821
Real_Estate,257457.2367,5177.1526,9,37,6049.0889
Real_Estate,1046366.8463,16704.7918,10,75,633.2844
Real_Estate,420835.7544,7581.4459,9,63,8153.4342
Real_Estate,4435386.767,8911.0589,14,69,14063.9876
Real_Estate,4084611.454,19361.4476,8,51,28473.6056
Real_Estate,2099388.1659,14729.285,13,107,50000.0
Real_Estate,1531707.4827,14839.0532,13,164,42246.0043
Real_Estate,3246868.4813,9882.6149,11,156,14203.9018
Real_Estate,2638416.1416,19664.4788,7,117,45034.7604
Real_Estate,2913309.6766,3925.8298,13,128,46438.214
Real_Estate,2833064.7102,13430.2783,10,97,28473.5485
Real_Estate,2845269.9667,15390.3563,14,187,35601.8722
Real_Estate,3559473.8246,593.6376,10,107,7965.841
Real_Estate,384251.0902,7651.9749,10,130,33056.6289
Real_Estate,1290872.3392,20000.0,3,106,43335.9623
Real_Estate,2442702.315,2794.1592,15,189,20179.4594
Real_Estate,751881.7103,12784.1696,1,10,21732.7349
Real_Estate,799243.4312,2523.595,1,138,2377.4838
Real_Estate,10000.0,9755.532,8,184,41432.31
Real_Estate,4988544.05,18960.6283,11,5,29449.9459
Real_Estate,2887642.9041,16215.4213,16,112,41251.0714
Real_Estate,1566898.5565,18824.4873,14,183,15324.388
Real_Estate,1975692.3587,2345.3578,14,44,7632.7699
Real_Estate,1453027.5668,7701.504,20,148,38180.8005
Real_Estate,3458398.2449,11181.0541,14,173,22848.1491
Real_Estate,4179712.2507,5395.8876,5,154,23240.3477
Real_Estate,2324932.2369,12690.5306,7,69,46864.7408
Real_Estate,3487198.3482,10066.208,13,9,32365.9098
Real_Estate,1078169.8823,3061.65,11,37,28670.1003
Real_Estate,553766.0251,4323.1327,16,199,32752.0721
Real_Estate,2277373.1637,12347.5209,7,90,20097.1412
Real_Estate,4697898.5035,4360.4623,16,185,23565.6763
Real_Estate,4371096.4052,14662.5381,4,51,9824.0754
Real_Estate,1716421.8142,2763.2292,4,122,37672.7726
Real_Estate,2729410.1799,5125.1879,18,109,10824.5424
Real_Estate,3854643.3362,15979.4558,1,142,30168.9818
Real_Estate,3662052.8963,6401.622,3,23,35259.6197
Real_Estate,2591632.2183,15828.8108,1,24,27808.5772
Real_Estate,4073707.99,13029.9551,15,161,17577.5725
Real_Estate,841871.133,16436.1304,3,177,44210.7074
Real_Estate,922137.1828,9294.7052,13,131,46538.1809
Real_Estate,961807.9944,17574.0429,9,4,41407.9505
Real_Estate,3799962.8013,15913.3325,16,88,39346.8318
Real_Estate,4588349.8132,15539.2089,1,29,24732.2008
Real_Estate,4106033.6036,18075.2164,18,143,13911.5411
Real_Estate,3998184.6556,9645.6535,12,196,1981.0675
Real_Estate,2338713.0188,1761.5288,18,84,40646.9746
Real_Estate,2140054.3422,15856.2058,9,192,37133.3481
Real_Estate,4968003.849,1442.0884,5,12,17127.7778
Real_Estate,1701981.6149,15079.9319,18,91,20252.7637
Real_Estate,3058671.1398,3403.5776,3,123,10622.4252
Real_Estate,1931825.4883,11701.0529,14,99,32146.8768
Real_Estate,1926226.9689,4320.2995,12,137,18513.1627
Real_Estate,2217125.9351,14608.1431,10,124,18458.4399
Real_Estate,3830166.2209,13111.3569,3,125,20488.9356
Real_Estate,3998690.1224,9874.6665,4,96,32271.8298
Real_Estate,643108.23,3454.0999,6,107,40090.4859
Real_Estate,2751634.342,10077.3859,3,32,13175.9217
Real_Estate,4015111.6555,6425.6227,14,95,9728.5534
Real_Estate,203877.8548,14347.7313,2,189,20128.7139
Real_Estate,2414590.9638,15663.3958,1,73,26999.9945
Real_Estate,2381286.385,2149.3039,8,80,28734.3335
Real_Estate,3995131.1856,6509.1293,9,156,9942.8874
Real_Estate,4949325.9461,16655.5083,1,98,39785.2219
Real_Estate,2719028.6359,16264.3448,9,76,6708.9747
Real_Estate,3530516.1879,15867.9894,5,199,33246.0311
Real_Estate,4983236.8309,7650.2346,12,74,33637.0356
Real_Estate,2944618.8309,1285.0577,15,107,3821.7388
Real_Estate,217179.3671,19469.7067,19,1,50.0
Real_Estate,3385885.7527,4366.4128,7,24,9140.7646
Real_Estate,1240503.6769,6264.6463,20,188,35785.5364
Real_Estate,3669532.599,5684.0821,13,62,18397.2525
Real_Estate,3591078.1238,16256.0296,3,79,37563.4303
Real_Estate,2882406.1435,1874.4979,1,39,41814.8458
Real_Estate,4507439.2706,6747.7988,5,54,33297.0044
Real_Estate,3979616.0756,15297.6374,15,172,12131.9691
Real_Estate,4297750.4319,18562.9538,11,158,39352.2116
Real_Estate,3493057.9484,5101.0384,1,172,7395.4204
Real_Estate,3005583.2714,2003.7283,4,149,49457.1017
Real_Estate,67734.4737,10952.5051,17,111,36283.2356
Real_Estate,1748420.6874,9989.9411,14,27,6648.9707
Real_Estate,2992352.1874,7556.3829,19,185,17273.8384
Real_Estate,1932735.3084,19638.1315,12,108,14545.4643
Real_Estate,2608306.8936,3413.1719,3,186,36423.5668
Real_Estate,1887188.1161,19497.3627,9,79,46949.0734
Real_Estate,2730887.5177,3261.9458,2,78,1648.3151
Real_Estate,2409591.3138,3279.7937,15,163,17363.7902
Real_Estate,1333167.2422,7942.3834,11,197,23233.4239
Real_Estate,1745915.0715,18203.7,1,36,23519.6308
Real_Estate,1428444.6595,5376.7087,9,15,40986.2655
Real_Estate,4096865.4465,16758.2164,17,151,24998.8743
Real_Estate,527575.6888,6724.9204,10,155,43835.3852
Real_Estate,578839.6048,18321.0449,8,166,29775.0477
Real_Estate,4114848.5435,296.7603,4,114,17856.2658
Real_Estate,1934827.4166,14436.7858,15,30,5642.9583
Real_Estate,1943613.4831,6314.6349,2,186,27511.0963
Real_Estate,2569241.5735,9907.8924,11,118,22984.9971
Real_Estate,1856261.3769,10524.2184,15,167,32221.9074
Real_Estate,748524.8061,16731.3836,7,193,19643.9054
Real_Estate,1097274.32,11713.675,19,120,23847.2548
Real_Estate,2017514.5636,11990.5356,7,17,34791.2831
Real_Estate,4557406.747,12460.0125,20,145,47494.3227
Real_Estate,2347029.2929,859.501,18,129,34256.2393
Real_Estate,4185296.0044,2783.8246,8,34,24154.1186
Real_Estate,1820093.0487,10563.4682,16,186,43110.3377
Real_Estate,2776555.8376,12795.3321,20,167,14888.5313
Real_Estate,742133.6149,4450.4364,1,121,33604.8384
Real_Estate,780982.1583,638.7395,3,79,14054.5584
Real_Estate,2013165.3797,13060.3775,20,164,26510.0788
Real_Estate,3911906.7831,2593.5542,5,26,10872.6834
Real_Estate,2471942.9667,592.9352,20,79,8777.1291
Real_Estate,1739065.0197,2248.7953,15,25,27618.9883
Real_Estate,2320235.0591,1154.4974,11,83,2843.3019
Real_Estate,1918338.7795,17157.6101,2,99,20343.2225
Real_Estate,10000.0,6323.2538,6,155,44258.6597
Real_Estate,747856.971,12648.6299,17,150,35337.2377
Real_Estate,248364.9753,9318.3263,10,180,5985.4753
Real_Estate,2307440.3464,10283.6064,11,175,34226.5595
Real_Estate,2261677.8465,6409.1653,16,106,9772.3245
Real_Estate,932805.4551,9115.1016,16,194,37922.0266
Real_Estate,1527666.6107,4161.293,12,87,31464.9212
Real_Estate,4931877.2099,17064.0031,12,80,24095.1188
Real_Estate,10000.0,7857.4444,5,193,10867.871
Real_Estate,1792709.3652,11172.9636,9,153,24008.9477
Real_Estate,4531727.3861,9282.9595,10,126,23531.3511
Real_Estate,2926848.9165,18351.6896,16,31,35446.3636
Real_Estate,947680.8124,6464.3168,7,156,21502.0088
Real_Estate,4628180.3415,9250.2381,19,133,25145.9403
Real_Estate,2526005.9824,6822.7291,13,160,42963.5922
Real_Estate,1924162.8426,16484.4814,3,121,48624.597
Real_Estate,4093861.0028,2493.7679,2,40,32759.5857
Real_Estate,3172117.0474,7984.9222,20,17,8535.0901
Real_Estate,3652549.5008,16323.5199,2,46,9542.9996
Real_Estate,541806.3552,16145.7634,1,89,33275.4064
Real_Estate,3101915.2743,19396.9661,7,109,24738.9263
Real_Estate,1127019.0252,19458.9546,2,140,41708.0995
Real_Estate,1043002.6692,7622.042,20,40,39556.2909
Real_Estate,2494305.3714,8236.7862,1,73,47826.9003
Real_Estate,4152159.6587,9690.0176,10,73,6594.4099
Real_Estate,3269846.7126,10049.5913,5,83,19053.0454
Real_Estate,3258541.5321,14348.2182,5,141,6908.6365
Real_Estate,2596845.5804,1230.4138,3,160,26965.9989
Real_Estate,1273674.3761,16164.1951,2,1,3854.7269
Real_Estate,4527768.5881,10193.0477,1,19,33022.1103
Real_Estate,4740724.2402,12629.8201,8,17,46767.639
Real_Estate,3946643.9649,2499.7604,5,101,48676.714
Real_Estate,1239887.0986,10645.0937,18,83,41925.3076
Real_Estate,2588110.9621,17897.1811,20,115,6008.5859
Real_Estate,442835.0946,16052.0676,6,144,22265.1832
Real_Estate,1144542.0951,17816.6203,10,23,31015.5824
Real_Estate,4680410.7181,16895.3393,2,102,19664.6119
Real_Estate,512488.3827,7829.7033,1,111,50.0
Real_Estate,4576048.9567,11616.1771,3,112,21331.9361
Real_Estate,10000.0,18772.8569,5,176,38205.6148
Real_Estate,4030526.243,4694.025,6,172,1871.0671
Real_Estate,908020.8663,12454.0178,2,100,3088.5797
Real_Estate,4789557.5634,4283.7816,2,55,28625.4506
Real_Estate,3940911.7305,12430.3414,2,63,15639.3542
Real_Estate,4488359.5114,18813.1209,7,166,28118.6827
Real_Estate,1668952.4842,19837.8639,9,178,21937.1783
Real_Estate,5000000.0,17687.1112,19,30,11529.1113
Real_Estate,3076122.1095,18551.5711,16,108,32459.8614
Real_Estate,3329351.9224,13244.5833,19,177,46428.1276
Real_Estate,645252.0583,3079.6029,11,38,29628.011
Real_Estate,4668777.6456,19287.8289,20,54,33921.0407
Real_Estate,2185756.5139,5490.3707,8,163,19321.8269
Real_Estate,2888395.213,1926.3233,10,109,40685.0392
Real_Estate,1946123.7741,870.4656,20,129,2072.1474
Real_Estate,2032737.508,18324.7428,16,19,20445.5127
Real_Estate,3845646.4635,4401.5493,10,62,37185.853
Real_Estate,2578441.6848,2145.9223,20,89,3193.719
Real_Estate,1084329.7834,11192.5041,11,100,46629.006
Real_Estate,1380646.3434,340.1309,18,21,43192.377
Real_Estate,1101849.0186,2601.4258,20,14,35720.4356
Real_Estate,3089009.54,1374.7149,5,153,10740.7486
Real_Estate,5000000.0,13821.1791,20,102,3893.4273
Real_Estate,2874446.1646,999.8033,12,44,22039.6822
Real_Estate,10000.0,9963.7395,6,23,18120.7368
Real_Estate,2648614.7308,2147.7352,17,70,2780.7866
Real_Estate,817695.4183,16212.269,12,162,28571.2601
Real_Estate,314856.9105,7536.5503,11,35,47640.3369
Real_Estate,3562022.3025,200.0,4,2,35631.5344
Real_Estate,2899503.0778,18150.0539,7,65,43769.6848
Real_Estate,2934647.3447,14974.2055,16,11,765.6469
Real_Estate,2668527.2689,17446.1983,20,50,12670.584
Real_Estate,4101532.1999,10165.5272,15,47,35938.6254
Real_Estate,3663292.7621,19910.482,19,10,36751.074
Real_Estate,2805179.8863,14400.453,17,18,4545.8094
Real_Estate,292519.3633,4944.6012,11,107,48019.4797
Real_Estate,2594819.0428,1233.2172,15,164,16110.4875
Real_Estate,4745460.1701,13989.5498,19,112,13728.862
Real_Estate,3154249.0887,6917.4136,20,44,27365.8994
Real_Estate,4446086.9737,14811.777,1,124,42493.3382
Real_Estate,3943361.6665,12069.5483,3,102,24298.9487
Real_Estate,2850815.1552,16208.0633,11,187,31217.9625
Real_Estate,2643267.8696,3802.8631,19,109,45849.37
Real_Estate,2470911.3203,10470.1417,17,34,8015.4977
Real_Estate,2789314.9443,15566.2621,15,139,36090.3473
Real_Estate,2802164.0653,6723.8677,10,166,49375.839
Real_Estate,2577440.154,16560.8712,19,161,21596.5487
Real_Estate,4292037.2221,3324.3924,19,15,46990.7726
Real_Estate,4093745.5766,15586.9925,8,88,6081.0316
Real_Estate,3474543.1496,1281.2434,4,41,31327.9081
Real_Estate,1822511.34,585.3681,12,15,35197.5644
Real_Estate,3490692.9304,10561.8926,3,101,48884.9012
Real_Estate,2072648.53,2020.5024,3,178,40845.8961
Real_Estate,4114056.7577,13054.9528,11,62,8371.7384
Real_Estate,1641675.5284,10350.2343,19,5,34159.9796
Real_Estate,950305.1829,15456.4259,12,155,1807.7075
Real_Estate,1583931.0977,7377.4435,4,45,26414.0515
Real_Estate,2437711.7072,7164.1903,2,65,42878.3529
Real_Estate,4535928.6975,2468.9465,3,194,13536.9065
Real_Estate,3080247.1408,8698.8726,19,74,11362.1181
Real_Estate,1195705.4926,11728.4921,5,90,42420.5763
Real_Estate,2516987.0436,12141.8531,8,96,4941.9253
Real_Estate,809953.9843,14476.1093,6,13,15458.9999
Real_Estate,1209648.6484,9091.5839,7,104,39199.0405
Real_Estate,4534091.3894,19282.4957,19,88,7213.4629
Real_Estate,3289926.488,17729.6544,15,166,28949.6647
Real_Estate,3833669.5372,1148.5818,6,172,2364.0186
Real_Estate,2296924.8084,11779.3451,10,180,18954.8189
Real_Estate,629994.6373,10860.0992,3,184,40543.5589
Real_Estate,4813647.0687,7473.9362,14,185,39394.3438
Real_Estate,953056.8042,8877.7153,6,143,35057.8934
Real_Estate,1406553.7776,16204.4383,15,50,9286.7022
Real_Estate,4183481.3029,15960.0765,5,99,35533.0087
Real_Estate,4618542.4635,5970.1198,2,44,34269.5049
Real_Estate,1348623.3774,10343.6683,3,54,42707.3899
Real_Estate,3605393.4924,17747.5931,12,192,46691.0917
Real_Estate,3054547.3736,6852.4019,5,106,43534.4596
Real_Estate,2535187.9592,6734.4541,6,67,33424.5626
Real_Estate,2284011.9989,2049.9128,16,157,38864.4554
Real_Estate,735294.7494,1880.8095,15,49,45112.4989
Real_Estate,605925.4317,2430.8687,9,39,22812.0501
Real_Estate,4401921.1274,12421.3275,17,7,16846.8553
Real_Estate,2540578.8139,5621.4204,7,78,11772.9816
Real_Estate,1362451.3293,13141.9762,1,77,14094.2968
Real_Estate,324909.8802,4368.5707,8,56,27223.497
Real_Estate,4684049.3391,11384.969,2,103,5402.6014
Real_Estate,3687425.1595,7431.847,6,58,39956.0653
Real_Estate,3264347.1346,18766.2671,2,135,7596.3119
Real_Estate,2218522.223,9783.3644,15,16,17053.6133
Real_Estate,909422.1341,340.9689,5,73,7854.7476
Real_Estate,1182416.8512,14510.9376,16,146,41779.0126
Real_Estate,4073926.6084,9753.5513,14,200,40293.1093
Real_Estate,4377268.0623,16026.573,18,139,17604.7021
Real_Estate,3412785.2476,3850.161,13,60,21845.1278
Real_Estate,3676048.8308,13033.9922,12,44,44684.3966
Real_Estate,888339.3332,6837.436,14,17,6354.3618
Real_Estate,67608.274,19406.4529,19,63,47331.2988
Real_Estate,914332.4805,17513.296,19,120,12852.5861
Real_Estate,595029.3805,13765.9333,18,17,32648.612
Real_Estate,3026849.0219,5454.068,14,177,21164.0691
Real_Estate,2241240.5118,19050.7431,13,22,23510.6583
Real_Estate,2123640.5759,5098.5751,5,105,5209.2749
Real_Estate,3886033.3573,3867.3457,17,2,30356.1024
Real_Estate,1715017.6839,395.9158,5,54,43766.6152
Real_Estate,835388.9109,17234.461,11,56,23076.3448
Real_Estate,4769153.4805,899.1936,8,158,37517.1686
Real_Estate,2834050.5614,3636.0979,8,41,17308.821
Real_Estate,268417.2627,10510.3186,17,117,29160.1129
Real_Estate,344130.2428,9193.1691,10,89,5186.3442
Real_Estate,4196111.0322,12244.808,12,102,45017.0383
Real_Estate,699755.2684,17584.3241,20,190,47093.3037
Real_Estate,1960998.0911,15699.8841,6,48,45463.8829
Real_Estate,2866758.8221,7582.4717,6,119,24039.4924
Real_Estate,2454195.841,1968.4737,14,37,4426.8129
Real_Estate,3079653.7089,2363.3317,6,73,24224.2235
Real_Estate,4606122.2376,8769.5772,13,185,30158.0511
Real_Estate,494046.9696,13676.6134,8,160,29532.094
Real_Estate,2846852.9133,3648.0815,12,144,32414.0382
Real_Estate,2777308.198,15161.1457,6,160,12579.5228
Real_Estate,3916919.953,18747.7577,14,43,4447.3886
Real_Estate,1527811.1101,9793.5534,1,90,20251.2559
Real_Estate,120890.1886,13669.493,15,136,33461.4149
Real_Estate,478165.9859,2880.4832,9,176,14822.0809
Real_Estate,4303348.0042,15856.5501,8,11,37335.0295
Real_Estate,4293962.8325,12217.2426,7,169,38836.28
Real_Estate,4189752.1142,13319.1118,11,15,11610.3064
Real_Estate,1325196.1045,15862.2538,4,130,30568.8965
Real_Estate,4352549.4106,10400.0283,15,31,1232.1934
Real_Estate,1407414.5316,6787.0309,17,195,24379.8493
Real_Estate,2021494.7839,19731.4805,7,146,12227.8541
Real_Estate,704958.6974,5625.389,15,61,38073.3078
Real_Estate,1361511.3637,252.1544,15,40,26078.1153
Real_Estate,2154790.3839,5220.7673,5,4,34304.133
Real_Estate,2868282.1024,17989.7906,6,60,16551.9187
Real_Estate,4401110.3591,6772.3875,15,149,32205.6671
Real_Estate,4641316.4024,16325.3443,9,60,1777.5177
Real_Estate,953895.4399,11767.1759,9,89,12284.7306
Real_Estate,3185836.2022,10801.3968,3,51,18064.1815
Real_Estate,3631989.2314,13907.0561,12,161,21683.1557
Real_Estate,4010372.0973,2226.8138,3,5,41009.6454
Real_Estate,1775545.6861,10196.2647,12,91,14137.8599
Real_Estate,974826.1548,14646.8219,18,45,37272.0568
Real_Estate,4096293.2431,11406.528,2,5,26974.5916
Real_Estate,4353080.6917,19172.0006,16,164,32831.5914
Real_Estate,3307081.2985,4270.9137,3,62,31525.0632
Real_Estate,1016133.8276,16689.5272,12,7,12181.9456
Real_Estate,408442.8609,1887.9874,9,167,21477.7098
Real_Estate,3681268.3553,8059.3941,9,125,50000.0
Real_Estate,1700253.7064,18357.6476,2,163,3437.3562
Real_Estate,1725691.9452,4097.0174,7,131,14953.2876
Real_Estate,1741232.2901,8187.5097,20,80,21328.4002
Real_Estate,1531370.4059,12623.1769,1,189,16488.2607
Real_Estate,521871.5562,14653.936,16,137,20927.6332
Real_Estate,2091108.9903,3183.8884,10,74,40852.379
Real_Estate,3286000.1384,13400.5748,4,189,48351.9963
Real_Estate,677167.726,9347.4021,2,95,42776.3644
Real_Estate,3565358.9739,17773.6875,9,198,13152.4311
Real_Estate,2566542.3058,6855.4063,11,10,24719.4336
Real_Estate,1255296.8033,11444.365,11,163,29788.7374
Real_Estate,3033708.6609,20000.0,19,54,109.0684
Real_Estate,1139857.0109,10631.5862,20,32,5225.0768
Real_Estate,842539.3523,3984.2069,5,103,32417.1067
Real_Estate,3763987.7112,19191.9043,12,34,28045.9438
Real_Estate,2245720.1477,5225.8465,19,47,30899.6835
Real_Estate,3551971.3772,14010.9384,8,94,42703.7654
Real_Estate,1762129.9684,9799.6577,4,38,20558.2289
Real_Estate,4513303.2297,8108.8208,7,96,3905.7645
Real_Estate,973654.2267,10089.2257,5,36,30656.4113
Real_Estate,1694448.1257,19359.9429,1,41,42852.3196
Real_Estate,4330916.5966,12196.1862,4,7,10742.7753
Real_Estate,4431655.444,8537.8803,17,5,21294.458
Real_Estate,1464977.4177,12966.4342,13,54,2545.8392
Real_Estate,4061882.4163,11329.7161,17,11,23539.1751
Real_Estate,3579086.0099,2634.9759,10,60,16062.392
Real_Estate,4147022.1631,19857.1277,18,137,31282.0154
Real_Estate,272157.4809,5900.8247,11,141,19827.5995
Real_Estate,2115541.034,9176.057,20,77,35704.0218
Real_Estate,1286249.6821,417.943,18,188,7366.6621
Real_Estate,4411882.9255,10688.3911,19,92,39005.278
Real_Estate,10000.0,15306.8266,7,80,19204.642
Real_Estate,2117957.5598,6713.3029,8,73,23648.4425
Real_Estate,1041923.6219,3396.3979,7,30,10637.9571
Real_Estate,1556508.6983,7661.1601,17,51,38695.2575
Real_Estate,4806393.0491,8414.7471,18,168,13893.2672
Real_Estate,4601651.1309,6360.4172,1,62,46070.8696
Real_Estate,4237552.9294,5506.1995,15,163,20328.7857
Real_Estate,4714131.3044,8811.895,18,82,25439.2627
Real_Estate,4942903.4731,13124.2601,7,33,24647.7516
Real_Estate,4008436.6446,16168.4194,1,111,30904.3601
Real_Estate,171833.9286,16989.841,20,21,28348.3008
Real_Estate,524149.2442,828.8756,4,56,28608.6213
Real_Estate,2060669.1856,9565.3737,15,117,7326.3394
Real_Estate,553997.0831,327.4626,18,99,14169.125
Real_Estate,3177869.6996,13152.2104,14,65,25675.0776
Real_Estate,4155024.8573,5686.3489,7,100,48225.4232
Real_Estate,3317916.7213,13505.8763,10,153,20155.4399
Real_Estate,2719000.7564,16821.7094,15,154,16491.4692
Real_Estate,2790481.2511,12315.2569,3,28,17822.3053
Real_Estate,1690476.3,1932.9863,9,169,41860.2023
Real_Estate,4126307.9353,2857.9762,2,81,31821.5477
Real_Estate,4012859.9895,13345.6123,18,64,44069.7205
Real_Estate,1619309.1229,15976.0421,19,43,5960.5245
Real_Estate,4210459.5208,12604.5673,5,99,40098.5341
Real_Estate,3292630.755,9654.8281,15,48,20864.5953
Real_Estate,2523563.8336,1950.7646,5,122,41252.1856
Real_Estate,3888898.1973,5352.5136,4,179,11215.4334
Real_Estate,3954139.1952,9125.0195,2,22,6123.7607
Real_Estate,3689756.3741,1017.0,9,111,37679.8201
Real_Estate,2345545.7645,10304.9341,11,37,10589.1516
Real_Estate,4939072.5982,14644.2871,3,166,23581.6385
Real_Estate,1416791.2138,8093.9794,13,76,10480.5933
Real_Estate,1039928.3268,7761.5877,3,98,32197.8374
Real_Estate,4259734.5394,6586.174,6,6,28277.8077
Real_Estate,2631440.9357,14982.6978,2,85,27982.8153
Real_Estate,578221.1803,16407.4576,1,53,35591.909
Real_Estate,1606285.6803,7894.448,13,14,796.5735
Real_Estate,2637452.3824,15023.0678,13,46,2393.3733
Real_Estate,4787712.2372,18239.3655,20,139,6747.5315
Real_Estate,106654.8774,16594.0403,9,187,22502.312
Real_Estate,2221084.5054,5696.0169,14,87,17863.4076
Real_Estate,4292374.2761,15134.4675,6,158,14308.637
Real_Estate,509424.0933,12726.5216,19,4,44843.4089
Real_Estate,4410783.7163,1796.0546,12,44,42425.0698
Real_Estate,2790950.8678,9701.7068,19,52,12125.0838
Real_Estate,2779017.5752,17829.0526,6,156,40683.2639
Real_Estate,408333.9699,6276.4413,3,168,24195.7015
Real_Estate,4411144.8119,7739.8051,12,73,41523.6566
Real_Estate,1181724.8422,1095.8233,15,91,16287.5566
Real_Estate,2866113.1539,16502.2654,7,27,24093.7746
Real_Estate,4341262.8477,13776.6888,8,24,10303.5653
Real_Estate,4917432.6866,11634.3779,14,18,46924.8791
Real_Estate,1014409.8394,13438.5913,7,168,13801.852
Real_Estate,3483040.6797,13163.4585,15,89,19049.1991
Real_Estate,1680782.8554,7087.6156,10,62,31643.5876
Real_Estate,1388430.2808,15837.2507,8,121,6533.9978
Real_Estate,2214263.9476,12376.8245,15,172,3943.1056
Real_Estate,3234217.9547,2528.0136,12,172,23438.333
Real_Estate,4730299.6875,19334.0597,16,103,18775.4296
Real_Estate,1680015.1625,11904.1076,6,125,40891.0445
Real_Estate,2456063.8244,11244.3073,9,39,1360.8809
Real_Estate,403909.7205,6945.6988,9,14,1606.1753
Real_Estate,2097399.8082,16839.1133,17,44,36005.0506
Real_Estate,3916151.9947,4430.5361,11,11,33077.0338
Real_Estate,421933.5585,8236.5905,18,15,15106.6967
Real_Estate,5000000.0,13808.0722,3,180,10461.3276
Real_Estate,4187849.5699,10017.5345,1,127,28731.7747
Real_Estate,1794025.9755,11008.6015,10,15,31800.3964
Real_Estate,4602686.2286,9525.8741,13,166,43349.2338
Real_Estate,3898900.2941,13042.0416,19,61,17324.5558
Real_Estate,2648610.5945,18651.7364,13,17,9183.6442
Real_Estate,4628565.9793,7299.4566,16,35,2861.7093
Real_Estate,1119696.054,14879.9789,2,107,15679.8507
Real_Estate,1115031.0529,13125.5057,17,143,19771.6085
Real_Estate,130860.6374,6222.4345,19,65,49674.1812
Real_Estate,70150.1177,14389.7968,19,4,13898.3999
Real_Estate,2653812.8146,10621.7115,1,105,44875.8584
Real_Estate,2321208.7633,17357.71,1,88,41999.8737
Real_Estate,4781843.6504,2009.4291,12,190,32174.2579
Real_Estate,1034718.4989,429.578,6,62,7731.2236
Real_Estate,3243740.0517,5646.5546,14,106,3847.2979
Real_Estate,1700580.8334,9036.9427,6,150,5365.9335
Real_Estate,4027945.1314,16820.7613,9,27,50.0
Real_Estate,4393732.9367,10887.305,8,154,35056.051
Real_Estate,2368042.336,17415.1859,16,156,21364.4179
Real_Estate,3336155.394,17544.9357,19,153,39755.169
Real_Estate,4393793.1782,13385.7497,8,185,24408.9381
Real_Estate,1948676.9128,9828.2535,9,129,39958.3234
Real_Estate,2511046.8797,12398.8435,17,149,33128.6864
Real_Estate,614999.4678,15614.4736,11,123,10235.6849
Real_Estate,4577757.9792,3705.0133,2,52,12867.3059
Real_Estate,2484784.1329,11715.0337,15,145,1640.687
Real_Estate,1850791.4437,19939.7223,15,26,26564.2368
Real_Estate,4452755.0911,13945.2014,18,175,21397.4154
Real_Estate,4168638.2825,11598.8812,11,100,44834.3245
Real_Estate,1143947.719,14334.9019,15,58,2482.2932
Real_Estate,4558113.5371,12749.6001,3,172,48154.7469
Real_Estate,2759068.2295,5165.0927,8,106,33502.6354
Real_Estate,2349365.5328,7489.609,13,104,41531.5197
